function [vector1, vector2] = loadingSilicaLaserData()
    % Define the values for the column vector
    vector1 = [
21.2
24.1
27.4
31.1
35.3
40.1
45.6
51.8
58.9
66.9
76
86.4
98.1
111
127
144
163
186
211
240
272
310
352
400
454
516
586
666
756
859
976
];
    
    % Assign the vector to the output variable
vector2  = [
0
1.6544
4.2394
7.9618
12.6148
17.7848
23.0582
27.8146
31.8472
35.0526
37.4308
39.292
40.6362
41.6702
42.4974
43.0144
43.2212
43.3246
43.5314
44.0484
45.2892
47.4606
50.149
52.6306
54.0782
53.3544
49.632
42.911
33.9152
23.8854
0
];
