function [vector1,vector2] = loadingSilicaSieveData()

vector1 = [
0
38.000
45.000
63.000
90.000
125.000
180.000
250.000
355.000
500.000
710.000
];


vector2 = [ 
    
31.25653595
24.92075163
75.60702614
76.02941176
83.63235294
130.0947712
142.7663399
91.65767974
260.6119281
117.4232026
0

];