function out = loadingSilicaBagWeights()

out = [1.00
2.10
3.50
4.20
6.90
11.7
21.80
44.20
58.60
61.35
61.75
68.40
70.50
62.70
78.90
68.70
63.50
70.30
62.50
39.90
];