function [LSx, LSy] = loadingChalcoLaserData()

LSx = [
    21.2
24.1
27.4
31.1
35.3
40.1
45.6
51.8
58.9
66.9
76
86.4
98.1
111
127
144
163
186
211
240
272
310
352
400
454
516
586
666
756
859
976
1110
1260
    
];



LSy = [
0
1.99066
4.2657
7.96264
13.08148
19.76441
28.01143
37.25378
47.06489
56.876
66.11835
74.08099
80.33735
84.60305
86.87809
87.16247
85.74057
83.32334
80.05297
76.21384
71.66376
66.26054
59.7198
52.46811
44.36328
35.97407
27.58486
19.76441
12.93929
7.39388
2.41723
0.14219
0
];