function out = loadingChalcoBagWeights()  


out = [10.85
13.40
12.55
16.35
21.60
30.75
40.40
47.75
65.15
81.85
58.85
76.55
95.05
142.35
];
